tel: 06.16.82.32.85
email: boissier.gerald@neuf.fr
adresse: 65 rue des Buissonnets<br/>26230 Réauville
googlemaps: 44.443323, 4.843242
